157 8447
1 2
1 3
1 4
1 5
1 6
1 8
1 9
1 10
1 13
1 14
1 15
1 17
1 18
1 19
1 20
1 21
1 22
1 23
1 24
1 25
1 26
1 27
1 29
1 30
1 31
1 32
1 33
1 34
1 37
1 38
1 39
1 40
1 44
1 46
1 47
1 48
1 49
1 53
1 55
1 56
1 57
1 58
1 60
1 61
1 62
1 63
1 65
1 66
1 67
1 69
1 73
1 74
1 76
1 78
1 79
1 81
1 82
1 83
1 84
1 85
1 86
1 87
1 89
1 92
1 93
1 94
1 95
1 96
1 97
1 98
1 101
1 104
1 106
1 107
1 108
1 109
1 110
1 111
1 114
1 115
1 116
1 118
1 120
1 122
1 123
1 124
1 125
1 128
1 131
1 132
1 133
1 136
1 137
1 138
1 140
1 141
1 142
1 144
1 145
1 146
1 148
1 149
1 150
1 152
1 155
1 156
2 3
2 4
2 5
2 7
2 9
2 10
2 11
2 12
2 13
2 14
2 15
2 17
2 18
2 20
2 21
2 22
2 23
2 25
2 26
2 27
2 28
2 31
2 32
2 34
2 35
2 36
2 37
2 38
2 39
2 42
2 47
2 48
2 49
2 50
2 51
2 53
2 54
2 55
2 56
2 58
2 59
2 60
2 61
2 64
2 65
2 66
2 67
2 68
2 69
2 70
2 71
2 73
2 74
2 76
2 77
2 79
2 80
2 81
2 82
2 83
2 84
2 85
2 86
2 87
2 88
2 89
2 90
2 91
2 94
2 95
2 97
2 98
2 99
2 100
2 102
2 103
2 105
2 106
2 107
2 108
2 111
2 113
2 115
2 116
2 117
2 119
2 120
2 121
2 122
2 123
2 125
2 127
2 128
2 130
2 132
2 133
2 134
2 136
2 137
2 138
2 139
2 140
2 141
2 142
2 144
2 146
2 147
2 149
2 150
2 151
2 154
2 155
2 156
2 157
3 4
3 5
3 6
3 7
3 8
3 9
3 10
3 13
3 14
3 15
3 16
3 17
3 18
3 19
3 22
3 23
3 24
3 25
3 27
3 28
3 29
3 30
3 31
3 32
3 33
3 37
3 38
3 39
3 40
3 41
3 42
3 43
3 44
3 46
3 47
3 49
3 51
3 52
3 53
3 54
3 55
3 57
3 58
3 59
3 60
3 61
3 62
3 63
3 64
3 68
3 70
3 71
3 73
3 74
3 79
3 80
3 81
3 82
3 83
3 85
3 87
3 89
3 90
3 93
3 96
3 101
3 102
3 104
3 106
3 107
3 108
3 109
3 111
3 118
3 120
3 121
3 122
3 125
3 126
3 127
3 128
3 129
3 130
3 131
3 132
3 134
3 135
3 136
3 137
3 138
3 140
3 141
3 143
3 146
3 150
3 151
3 152
3 153
3 154
3 156
3 157
4 5
4 6
4 7
4 8
4 9
4 10
4 12
4 13
4 14
4 15
4 16
4 17
4 18
4 19
4 20
4 21
4 22
4 23
4 26
4 27
4 28
4 29
4 30
4 31
4 33
4 34
4 36
4 39
4 40
4 41
4 42
4 44
4 45
4 48
4 49
4 51
4 52
4 54
4 55
4 57
4 58
4 59
4 63
4 64
4 67
4 68
4 69
4 72
4 73
4 74
4 75
4 76
4 77
4 79
4 80
4 81
4 82
4 86
4 89
4 91
4 92
4 93
4 95
4 96
4 98
4 100
4 101
4 104
4 106
4 107
4 108
4 110
4 117
4 118
4 120
4 122
4 123
4 124
4 127
4 128
4 131
4 132
4 134
4 135
4 136
4 140
4 141
4 142
4 143
4 145
4 147
4 148
4 149
4 151
4 152
4 153
4 154
4 155
4 157
5 9
5 10
5 12
5 13
5 14
5 17
5 18
5 19
5 20
5 21
5 22
5 23
5 24
5 25
5 27
5 29
5 31
5 33
5 34
5 35
5 36
5 37
5 38
5 39
5 42
5 43
5 44
5 45
5 46
5 51
5 52
5 54
5 55
5 56
5 57
5 58
5 60
5 61
5 62
5 63
5 64
5 65
5 68
5 69
5 72
5 73
5 74
5 76
5 77
5 78
5 80
5 81
5 82
5 85
5 86
5 87
5 90
5 93
5 94
5 96
5 97
5 99
5 100
5 101
5 102
5 104
5 108
5 110
5 111
5 112
5 114
5 116
5 117
5 118
5 119
5 121
5 122
5 124
5 125
5 127
5 128
5 131
5 132
5 133
5 134
5 135
5 137
5 138
5 140
5 141
5 143
5 146
5 147
5 148
5 149
5 150
5 151
5 152
5 153
5 154
5 155
5 157
6 11
6 12
6 13
6 14
6 15
6 16
6 17
6 18
6 19
6 21
6 23
6 24
6 25
6 26
6 27
6 30
6 32
6 33
6 36
6 37
6 38
6 39
6 43
6 45
6 47
6 48
6 51
6 52
6 53
6 54
6 55
6 56
6 57
6 59
6 61
6 62
6 63
6 64
6 65
6 66
6 67
6 68
6 69
6 71
6 72
6 73
6 74
6 76
6 77
6 80
6 81
6 82
6 83
6 85
6 86
6 87
6 88
6 90
6 91
6 92
6 93
6 95
6 97
6 98
6 101
6 102
6 104
6 105
6 106
6 107
6 108
6 110
6 111
6 113
6 114
6 115
6 116
6 118
6 121
6 124
6 125
6 126
6 127
6 128
6 129
6 130
6 131
6 133
6 135
6 136
6 138
6 139
6 140
6 141
6 142
6 144
6 148
6 149
6 152
6 153
6 155
6 156
6 157
7 8
7 9
7 11
7 12
7 13
7 14
7 15
7 16
7 17
7 18
7 21
7 22
7 23
7 24
7 26
7 27
7 29
7 30
7 31
7 32
7 33
7 34
7 35
7 36
7 37
7 38
7 39
7 40
7 41
7 42
7 44
7 47
7 48
7 50
7 51
7 52
7 53
7 54
7 55
7 56
7 58
7 59
7 61
7 62
7 63
7 67
7 69
7 70
7 71
7 72
7 73
7 75
7 76
7 77
7 79
7 81
7 82
7 83
7 84
7 85
7 86
7 87
7 88
7 89
7 91
7 92
7 94
7 95
7 98
7 99
7 101
7 103
7 104
7 106
7 107
7 108
7 109
7 110
7 111
7 112
7 113
7 115
7 118
7 121
7 122
7 124
7 126
7 127
7 128
7 129
7 130
7 132
7 133
7 136
7 139
7 141
7 143
7 144
7 145
7 146
7 147
7 148
7 149
7 151
7 152
7 153
7 154
7 155
7 156
7 157
8 9
8 10
8 12
8 13
8 16
8 17
8 19
8 20
8 23
8 24
8 25
8 26
8 27
8 28
8 29
8 30
8 31
8 32
8 33
8 34
8 35
8 36
8 37
8 39
8 40
8 42
8 43
8 44
8 45
8 47
8 48
8 49
8 53
8 54
8 55
8 56
8 57
8 58
8 59
8 62
8 63
8 66
8 67
8 70
8 71
8 72
8 73
8 75
8 76
8 79
8 80
8 81
8 83
8 84
8 85
8 86
8 87
8 88
8 89
8 90
8 91
8 96
8 99
8 100
8 102
8 103
8 104
8 105
8 106
8 110
8 111
8 113
8 115
8 116
8 117
8 118
8 119
8 121
8 122
8 123
8 125
8 127
8 128
8 129
8 130
8 132
8 134
8 135
8 136
8 138
8 143
8 144
8 147
8 148
8 151
8 155
8 156
8 157
9 10
9 12
9 13
9 15
9 16
9 18
9 20
9 21
9 24
9 25
9 27
9 28
9 31
9 32
9 33
9 36
9 37
9 39
9 40
9 41
9 43
9 44
9 45
9 48
9 50
9 51
9 52
9 53
9 54
9 56
9 57
9 58
9 59
9 61
9 62
9 63
9 64
9 66
9 67
9 68
9 69
9 70
9 71
9 72
9 74
9 75
9 76
9 77
9 80
9 82
9 83
9 84
9 87
9 92
9 93
9 94
9 95
9 96
9 98
9 99
9 100
9 101
9 102
9 103
9 104
9 105
9 108
9 109
9 110
9 112
9 116
9 118
9 119
9 121
9 122
9 123
9 124
9 126
9 127
9 128
9 129
9 131
9 132
9 133
9 134
9 136
9 137
9 138
9 139
9 140
9 141
9 142
9 144
9 145
9 147
9 148
9 150
9 151
9 152
9 153
9 154
9 155
9 156
10 12
10 13
10 14
10 15
10 16
10 17
10 18
10 19
10 22
10 23
10 25
10 27
10 28
10 29
10 30
10 31
10 34
10 36
10 37
10 38
10 40
10 41
10 42
10 45
10 46
10 47
10 52
10 53
10 54
10 55
10 56
10 57
10 58
10 59
10 60
10 62
10 63
10 66
10 67
10 70
10 71
10 72
10 73
10 74
10 75
10 79
10 83
10 84
10 86
10 87
10 90
10 91
10 92
10 96
10 97
10 98
10 99
10 101
10 102
10 104
10 105
10 106
10 107
10 108
10 109
10 110
10 111
10 112
10 113
10 114
10 115
10 116
10 117
10 118
10 120
10 121
10 122
10 124
10 125
10 126
10 128
10 129
10 130
10 134
10 135
10 136
10 137
10 138
10 139
10 140
10 141
10 142
10 143
10 144
10 145
10 146
10 148
10 153
10 154
10 155
10 157
11 14
11 16
11 18
11 19
11 20
11 22
11 24
11 25
11 26
11 27
11 28
11 29
11 30
11 31
11 32
11 34
11 35
11 36
11 37
11 38
11 39
11 40
11 41
11 43
11 44
11 48
11 50
11 51
11 54
11 55
11 56
11 57
11 58
11 60
11 61
11 62
11 63
11 65
11 66
11 67
11 68
11 69
11 71
11 72
11 73
11 74
11 75
11 77
11 79
11 80
11 81
11 83
11 84
11 85
11 86
11 87
11 90
11 92
11 93
11 94
11 95
11 98
11 99
11 101
11 102
11 104
11 105
11 106
11 107
11 108
11 116
11 117
11 118
11 119
11 120
11 124
11 127
11 128
11 129
11 131
11 132
11 133
11 134
11 135
11 136
11 137
11 138
11 139
11 142
11 145
11 148
11 149
11 150
11 151
11 152
11 153
11 154
11 155
12 14
12 16
12 17
12 18
12 19
12 20
12 21
12 22
12 23
12 24
12 25
12 28
12 29
12 30
12 31
12 32
12 35
12 36
12 38
12 39
12 40
12 44
12 45
12 46
12 47
12 49
12 50
12 51
12 53
12 54
12 55
12 57
12 58
12 59
12 60
12 61
12 62
12 64
12 66
12 67
12 68
12 69
12 70
12 72
12 73
12 74
12 75
12 76
12 81
12 83
12 84
12 85
12 86
12 89
12 90
12 93
12 94
12 95
12 97
12 98
12 102
12 103
12 104
12 105
12 106
12 108
12 111
12 112
12 113
12 114
12 116
12 117
12 118
12 120
12 122
12 123
12 125
12 127
12 128
12 129
12 130
12 131
12 132
12 134
12 137
12 139
12 142
12 143
12 145
12 148
12 149
12 150
12 152
12 153
12 155
12 157
13 14
13 16
13 18
13 21
13 22
13 23
13 24
13 29
13 30
13 31
13 33
13 34
13 35
13 36
13 37
13 38
13 40
13 41
13 42
13 43
13 44
13 45
13 47
13 48
13 49
13 50
13 51
13 52
13 54
13 55
13 56
13 57
13 59
13 60
13 62
13 63
13 64
13 66
13 67
13 68
13 70
13 71
13 73
13 74
13 75
13 77
13 78
13 80
13 81
13 82
13 83
13 84
13 85
13 86
13 87
13 88
13 90
13 92
13 93
13 95
13 97
13 98
13 99
13 100
13 101
13 103
13 104
13 105
13 106
13 107
13 108
13 109
13 110
13 111
13 112
13 113
13 115
13 117
13 118
13 119
13 120
13 123
13 124
13 126
13 127
13 128
13 130
13 133
13 135
13 137
13 139
13 140
13 142
13 143
13 144
13 145
13 146
13 147
13 149
13 151
13 152
13 153
13 154
13 155
13 156
13 157
14 16
14 17
14 19
14 21
14 22
14 23
14 26
14 27
14 28
14 29
14 30
14 31
14 32
14 33
14 34
14 35
14 36
14 38
14 42
14 43
14 44
14 45
14 46
14 48
14 49
14 50
14 51
14 52
14 53
14 56
14 57
14 59
14 60
14 61
14 62
14 64
14 65
14 66
14 68
14 72
14 73
14 75
14 78
14 79
14 80
14 82
14 83
14 84
14 85
14 86
14 87
14 88
14 89
14 91
14 92
14 93
14 94
14 95
14 96
14 97
14 98
14 99
14 100
14 102
14 103
14 104
14 105
14 106
14 107
14 108
14 109
14 111
14 112
14 113
14 115
14 116
14 117
14 118
14 119
14 120
14 122
14 123
14 125
14 128
14 129
14 132
14 135
14 136
14 137
14 138
14 139
14 140
14 143
14 145
14 148
14 149
14 150
14 151
14 152
14 153
14 155
14 156
14 157
15 16
15 17
15 18
15 20
15 21
15 22
15 23
15 24
15 26
15 27
15 28
15 29
15 30
15 31
15 32
15 33
15 34
15 35
15 37
15 38
15 39
15 41
15 42
15 43
15 44
15 45
15 46
15 48
15 49
15 50
15 51
15 53
15 54
15 55
15 57
15 58
15 59
15 60
15 61
15 62
15 64
15 65
15 67
15 68
15 69
15 70
15 71
15 72
15 74
15 75
15 79
15 82
15 83
15 88
15 89
15 90
15 93
15 94
15 95
15 96
15 97
15 101
15 102
15 103
15 104
15 105
15 107
15 108
15 109
15 111
15 112
15 114
15 115
15 116
15 119
15 120
15 121
15 124
15 126
15 131
15 134
15 135
15 136
15 137
15 139
15 141
15 142
15 143
15 146
15 147
15 149
15 150
15 153
15 154
15 156
15 157
16 17
16 19
16 20
16 21
16 22
16 23
16 24
16 26
16 28
16 29
16 30
16 31
16 32
16 35
16 36
16 38
16 39
16 40
16 41
16 42
16 43
16 44
16 45
16 46
16 47
16 50
16 51
16 52
16 53
16 54
16 55
16 58
16 59
16 60
16 61
16 62
16 63
16 65
16 67
16 69
16 71
16 72
16 73
16 77
16 78
16 79
16 80
16 81
16 82
16 83
16 84
16 88
16 89
16 90
16 91
16 92
16 94
16 96
16 97
16 98
16 100
16 101
16 102
16 103
16 104
16 105
16 106
16 107
16 109
16 110
16 111
16 112
16 113
16 114
16 116
16 117
16 118
16 120
16 121
16 122
16 123
16 124
16 125
16 129
16 130
16 133
16 134
16 135
16 138
16 139
16 142
16 143
16 144
16 146
16 147
16 148
16 149
16 150
16 152
16 153
16 154
16 156
16 157
17 19
17 20
17 22
17 23
17 26
17 27
17 28
17 29
17 30
17 31
17 32
17 34
17 35
17 37
17 39
17 40
17 42
17 43
17 45
17 47
17 48
17 49
17 50
17 52
17 53
17 54
17 56
17 58
17 59
17 60
17 61
17 62
17 63
17 64
17 65
17 68
17 69
17 70
17 71
17 72
17 74
17 76
17 77
17 79
17 81
17 82
17 83
17 84
17 85
17 86
17 88
17 89
17 90
17 91
17 92
17 94
17 96
17 100
17 101
17 102
17 103
17 106
17 108
17 109
17 110
17 111
17 112
17 113
17 115
17 117
17 118
17 119
17 120
17 124
17 125
17 126
17 127
17 128
17 129
17 133
17 134
17 136
17 137
17 138
17 139
17 143
17 144
17 145
17 146
17 147
17 149
17 150
17 152
17 154
17 155
17 156
18 19
18 20
18 21
18 23
18 24
18 26
18 28
18 29
18 31
18 32
18 34
18 35
18 37
18 38
18 41
18 42
18 43
18 45
18 46
18 47
18 49
18 50
18 51
18 53
18 54
18 56
18 57
18 58
18 59
18 61
18 63
18 64
18 65
18 66
18 67
18 68
18 69
18 70
18 72
18 73
18 74
18 76
18 77
18 78
18 79
18 80
18 81
18 82
18 83
18 84
18 85
18 87
18 90
18 91
18 93
18 94
18 95
18 96
18 98
18 99
18 100
18 103
18 104
18 105
18 107
18 108
18 109
18 110
18 112
18 113
18 114
18 115
18 117
18 118
18 119
18 120
18 121
18 123
18 124
18 125
18 126
18 127
18 128
18 131
18 132
18 133
18 134
18 135
18 136
18 137
18 138
18 140
18 141
18 142
18 143
18 144
18 145
18 147
18 148
18 149
18 150
18 151
18 152
18 153
18 156
18 157
19 21
19 23
19 24
19 25
19 26
19 27
19 29
19 30
19 33
19 36
19 37
19 38
19 39
19 40
19 41
19 42
19 44
19 45
19 47
19 49
19 50
19 52
19 53
19 54
19 55
19 57
19 59
19 62
19 63
19 65
19 66
19 69
19 70
19 71
19 72
19 73
19 75
19 77
19 81
19 82
19 83
19 84
19 85
19 86
19 88
19 89
19 90
19 91
19 93
19 94
19 95
19 96
19 99
19 100
19 101
19 102
19 103
19 104
19 105
19 108
19 109
19 111
19 112
19 113
19 114
19 115
19 116
19 118
19 119
19 121
19 124
19 125
19 126
19 128
19 129
19 130
19 131
19 133
19 135
19 136
19 137
19 139
19 140
19 141
19 143
19 144
19 145
19 146
19 148
19 150
19 151
19 152
19 153
19 155
19 156
20 21
20 22
20 23
20 25
20 26
20 27
20 28
20 30
20 31
20 32
20 34
20 36
20 37
20 39
20 40
20 41
20 42
20 44
20 46
20 47
20 48
20 50
20 51
20 52
20 53
20 56
20 57
20 58
20 59
20 62
20 64
20 65
20 68
20 69
20 70
20 71
20 73
20 74
20 75
20 76
20 77
20 79
20 80
20 82
20 83
20 84
20 85
20 86
20 88
20 89
20 92
20 96
20 97
20 98
20 99
20 100
20 101
20 102
20 103
20 105
20 106
20 107
20 108
20 109
20 110
20 111
20 112
20 113
20 114
20 115
20 116
20 117
20 118
20 119
20 121
20 122
20 123
20 124
20 125
20 126
20 127
20 128
20 129
20 130
20 131
20 132
20 133
20 134
20 136
20 138
20 141
20 142
20 143
20 146
20 149
20 150
20 152
20 153
20 154
20 156
20 157
21 22
21 23
21 24
21 25
21 26
21 28
21 30
21 31
21 33
21 34
21 35
21 36
21 37
21 38
21 39
21 41
21 45
21 46
21 47
21 48
21 49
21 50
21 51
21 52
21 54
21 55
21 56
21 58
21 60
21 61
21 65
21 66
21 67
21 68
21 69
21 70
21 71
21 74
21 75
21 78
21 79
21 80
21 81
21 83
21 84
21 87
21 88
21 89
21 90
21 91
21 94
21 95
21 98
21 100
21 101
21 105
21 106
21 107
21 108
21 111
21 112
21 113
21 114
21 115
21 116
21 117
21 118
21 119
21 120
21 121
21 122
21 123
21 125
21 126
21 127
21 128
21 131
21 133
21 134
21 137
21 138
21 139
21 140
21 141
21 147
21 149
21 150
21 151
21 152
21 153
21 154
21 156
21 157
22 23
22 24
22 25
22 26
22 27
22 29
22 30
22 31
22 33
22 34
22 36
22 37
22 38
22 39
22 40
22 41
22 45
22 46
22 47
22 48
22 49
22 50
22 52
22 53
22 55
22 56
22 59
22 61
22 62
22 64
22 65
22 66
22 69
22 70
22 71
22 72
22 74
22 76
22 77
22 78
22 80
22 81
22 82
22 83
22 85
22 86
22 87
22 88
22 90
22 91
22 92
22 94
22 96
22 99
22 100
22 101
22 103
22 105
22 111
22 112
22 114
22 115
22 117
22 118
22 119
22 120
22 121
22 122
22 123
22 124
22 125
22 126
22 127
22 128
22 129
22 130
22 132
22 133
22 134
22 135
22 136
22 138
22 139
22 142
22 143
22 145
22 150
22 151
22 153
22 154
22 155
22 156
23 25
23 26
23 27
23 29
23 30
23 31
23 32
23 36
23 38
23 40
23 42
23 45
23 46
23 48
23 51
23 52
23 53
23 54
23 55
23 60
23 61
23 63
23 64
23 66
23 68
23 69
23 70
23 71
23 72
23 73
23 74
23 77
23 78
23 82
23 84
23 85
23 86
23 90
23 91
23 92
23 93
23 97
23 99
23 101
23 103
23 105
23 106
23 108
23 109
23 110
23 112
23 115
23 117
23 118
23 122
23 123
23 124
23 125
23 126
23 127
23 128
23 129
23 130
23 131
23 132
23 133
23 134
23 135
23 136
23 137
23 138
23 139
23 140
23 141
23 142
23 143
23 144
23 145
23 146
23 148
23 149
23 151
23 152
23 154
24 25
24 26
24 29
24 30
24 32
24 34
24 35
24 36
24 37
24 38
24 39
24 40
24 43
24 44
24 45
24 46
24 47
24 48
24 49
24 50
24 51
24 52
24 53
24 54
24 55
24 56
24 57
24 58
24 59
24 62
24 64
24 65
24 66
24 67
24 68
24 69
24 70
24 71
24 72
24 73
24 75
24 76
24 77
24 78
24 79
24 80
24 81
24 82
24 83
24 85
24 86
24 87
24 88
24 89
24 91
24 92
24 93
24 94
24 96
24 97
24 99
24 100
24 102
24 104
24 105
24 106
24 107
24 108
24 111
24 114
24 115
24 116
24 117
24 118
24 121
24 122
24 123
24 125
24 126
24 128
24 129
24 130
24 132
24 134
24 138
24 140
24 141
24 143
24 144
24 145
24 146
24 147
24 148
24 149
24 150
24 151
24 152
24 153
24 155
25 27
25 28
25 30
25 32
25 33
25 34
25 35
25 37
25 39
25 40
25 41
25 42
25 43
25 44
25 46
25 47
25 48
25 51
25 52
25 53
25 54
25 55
25 56
25 57
25 58
25 59
25 60
25 61
25 62
25 64
25 65
25 66
25 67
25 68
25 71
25 72
25 73
25 74
25 75
25 76
25 77
25 78
25 79
25 81
25 82
25 83
25 84
25 85
25 86
25 89
25 90
25 94
25 95
25 97
25 99
25 101
25 103
25 104
25 105
25 107
25 108
25 110
25 111
25 114
25 117
25 118
25 121
25 123
25 126
25 128
25 129
25 130
25 131
25 132
25 133
25 134
25 135
25 137
25 138
25 139
25 140
25 141
25 143
25 145
25 146
25 147
25 148
25 149
25 150
25 151
25 152
25 155
25 156
25 157
26 27
26 28
26 29
26 30
26 33
26 34
26 35
26 36
26 37
26 39
26 40
26 42
26 43
26 44
26 45
26 46
26 48
26 49
26 50
26 53
26 54
26 55
26 58
26 60
26 61
26 62
26 65
26 67
26 70
26 71
26 72
26 76
26 78
26 81
26 83
26 84
26 85
26 86
26 89
26 90
26 91
26 92
26 93
26 94
26 96
26 98
26 100
26 101
26 102
26 103
26 104
26 105
26 107
26 110
26 113
26 116
26 119
26 120
26 121
26 122
26 123
26 125
26 126
26 127
26 129
26 130
26 131
26 132
26 133
26 134
26 136
26 139
26 140
26 141
26 144
26 146
26 147
26 148
26 150
26 153
26 154
26 155
26 156
26 157
27 28
27 31
27 32
27 35
27 36
27 41
27 42
27 43
27 44
27 47
27 48
27 49
27 50
27 51
27 54
27 58
27 59
27 60
27 62
27 63
27 64
27 66
27 67
27 68
27 69
27 70
27 71
27 72
27 76
27 77
27 80
27 81
27 82
27 83
27 85
27 88
27 89
27 90
27 93
27 94
27 96
27 98
27 99
27 100
27 101
27 102
27 105
27 106
27 107
27 108
27 111
27 113
27 114
27 115
27 116
27 118
27 119
27 122
27 123
27 126
27 127
27 128
27 131
27 132
27 133
27 134
27 135
27 136
27 137
27 140
27 141
27 142
27 143
27 144
27 145
27 146
27 149
27 151
27 152
27 155
27 156
28 30
28 33
28 37
28 38
28 39
28 40
28 41
28 42
28 43
28 45
28 46
28 47
28 48
28 49
28 50
28 51
28 52
28 53
28 54
28 55
28 56
28 57
28 59
28 60
28 61
28 62
28 63
28 64
28 65
28 67
28 68
28 69
28 70
28 71
28 72
28 75
28 76
28 77
28 78
28 79
28 80
28 81
28 83
28 84
28 85
28 86
28 91
28 92
28 93
28 94
28 96
28 97
28 99
28 103
28 104
28 106
28 107
28 109
28 110
28 111
28 112
28 113
28 114
28 115
28 119
28 120
28 121
28 122
28 123
28 124
28 126
28 127
28 132
28 135
28 136
28 137
28 138
28 140
28 141
28 142
28 143
28 144
28 145
28 146
28 147
28 150
28 151
28 152
28 155
28 156
29 30
29 32
29 33
29 34
29 35
29 36
29 37
29 39
29 40
29 41
29 42
29 43
29 44
29 45
29 46
29 47
29 48
29 49
29 50
29 51
29 52
29 55
29 57
29 59
29 60
29 61
29 62
29 64
29 65
29 66
29 67
29 70
29 75
29 78
29 80
29 81
29 82
29 83
29 84
29 85
29 86
29 87
29 88
29 89
29 90
29 91
29 93
29 94
29 95
29 96
29 97
29 98
29 101
29 103
29 104
29 106
29 107
29 110
29 113
29 118
29 119
29 120
29 121
29 122
29 124
29 126
29 128
29 130
29 131
29 132
29 133
29 134
29 136
29 137
29 140
29 141
29 143
29 144
29 146
29 147
29 148
29 149
29 151
29 152
29 154
29 156
29 157
30 31
30 32
30 33
30 34
30 35
30 36
30 37
30 38
30 39
30 40
30 41
30 43
30 44
30 45
30 47
30 49
30 50
30 52
30 53
30 54
30 55
30 56
30 57
30 58
30 59
30 60
30 62
30 63
30 64
30 65
30 66
30 67
30 70
30 72
30 73
30 74
30 75
30 76
30 79
30 80
30 81
30 83
30 86
30 87
30 88
30 89
30 90
30 91
30 93
30 94
30 96
30 97
30 98
30 100
30 101
30 102
30 103
30 104
30 106
30 107
30 110
30 111
30 112
30 113
30 114
30 115
30 117
30 118
30 120
30 121
30 122
30 123
30 124
30 126
30 127
30 128
30 129
30 132
30 134
30 135
30 139
30 140
30 141
30 142
30 144
30 145
30 148
30 149
30 152
30 153
30 156
30 157
31 32
31 34
31 35
31 36
31 37
31 39
31 40
31 41
31 43
31 45
31 47
31 49
31 50
31 51
31 52
31 54
31 55
31 56
31 57
31 58
31 59
31 60
31 61
31 62
31 63
31 64
31 65
31 66
31 67
31 70
31 72
31 73
31 74
31 75
31 76
31 77
31 78
31 79
31 81
31 83
31 84
31 85
31 86
31 87
31 88
31 89
31 90
31 92
31 94
31 96
31 97
31 99
31 100
31 102
31 103
31 104
31 105
31 106
31 109
31 112
31 113
31 114
31 116
31 118
31 119
31 120
31 121
31 122
31 123
31 124
31 126
31 127
31 128
31 129
31 130
31 132
31 133
31 136
31 138
31 139
31 140
31 141
31 142
31 146
31 149
31 150
31 151
31 154
31 156
32 34
32 35
32 36
32 37
32 38
32 39
32 40
32 42
32 43
32 44
32 45
32 46
32 47
32 48
32 51
32 52
32 53
32 55
32 56
32 57
32 58
32 59
32 61
32 63
32 65
32 66
32 67
32 68
32 69
32 70
32 71
32 76
32 77
32 78
32 79
32 80
32 82
32 83
32 84
32 85
32 86
32 87
32 89
32 91
32 92
32 93
32 94
32 95
32 96
32 97
32 98
32 99
32 100
32 102
32 104
32 105
32 106
32 107
32 109
32 112
32 113
32 114
32 117
32 118
32 120
32 122
32 123
32 124
32 125
32 127
32 128
32 129
32 132
32 134
32 136
32 137
32 138
32 140
32 141
32 142
32 146
32 147
32 148
32 151
32 153
32 154
32 155
32 156
32 157
33 34
33 35
33 36
33 39
33 40
33 41
33 42
33 43
33 44
33 46
33 50
33 51
33 53
33 54
33 56
33 61
33 63
33 64
33 65
33 67
33 69
33 70
33 71
33 73
33 75
33 76
33 79
33 80
33 81
33 82
33 84
33 88
33 89
33 91
33 92
33 94
33 95
33 97
33 99
33 100
33 101
33 102
33 103
33 106
33 108
33 109
33 110
33 111
33 113
33 114
33 115
33 117
33 118
33 119
33 120
33 123
33 124
33 125
33 126
33 129
33 132
33 135
33 137
33 138
33 139
33 140
33 141
33 142
33 143
33 146
33 147
33 148
33 149
33 151
33 152
33 153
33 154
33 156
33 157
34 36
34 39
34 40
34 42
34 44
34 45
34 46
34 48
34 49
34 50
34 51
34 52
34 53
34 54
34 56
34 57
34 60
34 61
34 62
34 63
34 65
34 66
34 68
34 69
34 71
34 72
34 74
34 77
34 78
34 79
34 80
34 81
34 82
34 83
34 84
34 85
34 86
34 87
34 88
34 89
34 90
34 92
34 94
34 95
34 96
34 97
34 98
34 99
34 101
34 102
34 103
34 104
34 105
34 106
34 108
34 109
34 110
34 113
34 114
34 115
34 119
34 122
34 123
34 124
34 126
34 127
34 129
34 130
34 131
34 132
34 134
34 136
34 137
34 138
34 139
34 142
34 143
34 144
34 146
34 147
34 149
34 150
34 152
34 153
34 154
34 155
35 36
35 37
35 38
35 40
35 41
35 42
35 43
35 45
35 47
35 48
35 50
35 52
35 54
35 57
35 59
35 60
35 61
35 62
35 63
35 65
35 66
35 67
35 68
35 69
35 70
35 71
35 73
35 74
35 75
35 77
35 78
35 79
35 80
35 81
35 82
35 83
35 84
35 85
35 86
35 87
35 88
35 89
35 92
35 93
35 94
35 96
35 97
35 98
35 99
35 100
35 101
35 102
35 104
35 105
35 106
35 107
35 110
35 114
35 116
35 117
35 119
35 120
35 122
35 123
35 125
35 126
35 127
35 128
35 129
35 130
35 132
35 134
35 135
35 136
35 137
35 138
35 139
35 140
35 141
35 142
35 144
35 146
35 147
35 148
35 149
35 151
35 152
35 153
35 155
35 157
36 39
36 40
36 42
36 44
36 45
36 46
36 47
36 49
36 51
36 52
36 53
36 54
36 55
36 56
36 59
36 60
36 64
36 65
36 66
36 67
36 69
36 70
36 71
36 72
36 73
36 76
36 77
36 78
36 79
36 80
36 81
36 83
36 84
36 85
36 87
36 88
36 89
36 90
36 91
36 93
36 95
36 97
36 98
36 99
36 100
36 102
36 104
36 106
36 108
36 109
36 110
36 111
36 112
36 113
36 114
36 115
36 116
36 117
36 118
36 119
36 121
36 122
36 123
36 124
36 127
36 128
36 129
36 130
36 132
36 133
36 134
36 135
36 136
36 137
36 139
36 140
36 141
36 143
36 145
36 147
36 148
36 150
36 153
36 154
36 155
36 156
36 157
37 38
37 39
37 40
37 41
37 42
37 43
37 46
37 47
37 48
37 49
37 51
37 52
37 53
37 54
37 56
37 58
37 59
37 60
37 61
37 62
37 63
37 64
37 66
37 67
37 71
37 74
37 75
37 77
37 78
37 79
37 80
37 81
37 84
37 85
37 86
37 87
37 88
37 90
37 91
37 93
37 94
37 95
37 96
37 97
37 99
37 100
37 101
37 102
37 103
37 105
37 106
37 108
37 110
37 112
37 113
37 114
37 115
37 116
37 117
37 118
37 119
37 122
37 123
37 125
37 126
37 127
37 130
37 131
37 132
37 133
37 134
37 136
37 138
37 139
37 140
37 141
37 142
37 143
37 144
37 145
37 147
37 148
37 149
37 151
37 153
37 154
37 155
37 156
37 157
38 42
38 43
38 45
38 46
38 47
38 48
38 50
38 53
38 54
38 55
38 56
38 59
38 60
38 61
38 62
38 63
38 65
38 68
38 69
38 70
38 71
38 73
38 74
38 77
38 78
38 80
38 81
38 83
38 84
38 85
38 88
38 89
38 90
38 91
38 92
38 95
38 96
38 97
38 98
38 99
38 100
38 101
38 102
38 103
38 104
38 105
38 106
38 107
38 109
38 111
38 112
38 114
38 115
38 116
38 117
38 118
38 120
38 121
38 122
38 123
38 124
38 125
38 126
38 127
38 128
38 129
38 130
38 131
38 132
38 135
38 136
38 139
38 140
38 142
38 144
38 145
38 146
38 147
38 148
38 149
38 150
38 152
38 155
38 156
39 42
39 43
39 44
39 46
39 47
39 48
39 50
39 51
39 52
39 53
39 55
39 56
39 60
39 61
39 62
39 63
39 64
39 65
39 67
39 68
39 70
39 71
39 72
39 74
39 76
39 77
39 78
39 79
39 80
39 82
39 84
39 85
39 89
39 90
39 91
39 92
39 93
39 94
39 98
39 99
39 100
39 101
39 103
39 104
39 105
39 106
39 107
39 108
39 109
39 110
39 111
39 112
39 113
39 114
39 115
39 118
39 124
39 125
39 127
39 129
39 132
39 133
39 134
39 135
39 136
39 137
39 138
39 139
39 140
39 141
39 142
39 143
39 147
39 148
39 152
39 153
39 154
39 155
39 156
39 157
40 41
40 42
40 43
40 44
40 45
40 46
40 47
40 48
40 49
40 50
40 51
40 52
40 54
40 55
40 56
40 57
40 58
40 59
40 62
40 63
40 64
40 65
40 67
40 69
40 70
40 71
40 72
40 73
40 74
40 76
40 77
40 79
40 81
40 82
40 83
40 84
40 85
40 86
40 87
40 88
40 89
40 91
40 92
40 93
40 94
40 96
40 98
40 99
40 100
40 101
40 102
40 105
40 106
40 108
40 110
40 111
40 112
40 113
40 115
40 117
40 118
40 119
40 120
40 121
40 124
40 125
40 127
40 128
40 129
40 130
40 131
40 132
40 133
40 134
40 135
40 136
40 137
40 139
40 140
40 141
40 143
40 144
40 145
40 147
40 148
40 149
40 152
40 154
40 156
40 157
41 42
41 45
41 46
41 47
41 48
41 49
41 50
41 51
41 53
41 54
41 55
41 56
41 57
41 58
41 59
41 60
41 63
41 64
41 65
41 68
41 71
41 72
41 73
41 76
41 77
41 78
41 79
41 81
41 82
41 83
41 84
41 85
41 86
41 87
41 89
41 92
41 94
41 95
41 96
41 97
41 98
41 99
41 100
41 107
41 109
41 110
41 111
41 114
41 116
41 118
41 120
41 121
41 122
41 123
41 124
41 125
41 127
41 128
41 129
41 130
41 131
41 132
41 134
41 135
41 137
41 140
41 141
41 142
41 143
41 144
41 145
41 146
41 147
41 148
41 149
41 150
41 151
41 153
41 154
41 155
41 156
42 43
42 44
42 45
42 50
42 51
42 52
42 53
42 55
42 56
42 59
42 63
42 64
42 65
42 67
42 68
42 69
42 71
42 72
42 73
42 75
42 76
42 77
42 78
42 80
42 81
42 83
42 84
42 85
42 86
42 87
42 88
42 90
42 92
42 93
42 95
42 96
42 98
42 101
42 102
42 103
42 104
42 106
42 107
42 110
42 111
42 112
42 114
42 116
42 117
42 118
42 120
42 121
42 124
42 125
42 126
42 130
42 133
42 136
42 137
42 138
42 141
42 142
42 143
42 144
42 145
42 146
42 147
42 148
42 149
42 150
42 151
42 155
43 46
43 47
43 48
43 49
43 50
43 55
43 56
43 57
43 60
43 61
43 62
43 63
43 64
43 65
43 67
43 68
43 70
43 71
43 72
43 73
43 74
43 76
43 77
43 78
43 79
43 80
43 82
43 83
43 86
43 87
43 90
43 92
43 95
43 96
43 97
43 98
43 99
43 100
43 101
43 102
43 104
43 105
43 106
43 108
43 109
43 110
43 112
43 113
43 114
43 116
43 117
43 118
43 120
43 122
43 123
43 124
43 125
43 126
43 127
43 128
43 130
43 131
43 135
43 137
43 138
43 139
43 140
43 141
43 142
43 143
43 146
43 147
43 149
43 150
43 152
43 153
43 154
43 155
43 156
44 45
44 46
44 48
44 49
44 50
44 51
44 52
44 53
44 54
44 55
44 58
44 59
44 61
44 62
44 63
44 64
44 65
44 69
44 71
44 72
44 73
44 74
44 76
44 79
44 80
44 81
44 83
44 84
44 85
44 86
44 87
44 88
44 90
44 92
44 93
44 94
44 95
44 96
44 97
44 98
44 100
44 101
44 102
44 103
44 104
44 106
44 107
44 108
44 109
44 110
44 111
44 113
44 115
44 116
44 117
44 118
44 119
44 122
44 123
44 124
44 125
44 127
44 129
44 131
44 133
44 134
44 135
44 136
44 138
44 140
44 141
44 142
44 143
44 144
44 145
44 146
44 148
44 151
44 152
44 153
44 154
44 156
44 157
45 46
45 47
45 51
45 53
45 54
45 56
45 57
45 58
45 59
45 60
45 61
45 62
45 63
45 64
45 65
45 66
45 67
45 68
45 69
45 70
45 71
45 72
45 73
45 74
45 76
45 77
45 78
45 80
45 81
45 84
45 86
45 87
45 89
45 90
45 91
45 93
45 94
45 95
45 100
45 101
45 102
45 104
45 107
45 108
45 109
45 110
45 113
45 114
45 115
45 116
45 118
45 119
45 120
45 121
45 122
45 125
45 126
45 129
45 130
45 131
45 133
45 134
45 135
45 136
45 137
45 138
45 140
45 144
45 149
45 150
45 151
45 153
45 154
45 156
46 47
46 49
46 50
46 52
46 53
46 55
46 56
46 57
46 58
46 59
46 61
46 64
46 65
46 66
46 67
46 68
46 69
46 71
46 72
46 73
46 76
46 77
46 78
46 80
46 81
46 83
46 84
46 85
46 86
46 87
46 88
46 89
46 90
46 91
46 92
46 94
46 95
46 97
46 98
46 101
46 102
46 103
46 104
46 109
46 110
46 112
46 113
46 114
46 118
46 119
46 120
46 124
46 125
46 126
46 128
46 129
46 130
46 131
46 132
46 133
46 135
46 137
46 139
46 140
46 141
46 143
46 144
46 145
46 146
46 149
46 150
46 152
46 153
46 154
46 155
46 156
47 49
47 50
47 51
47 52
47 56
47 57
47 58
47 60
47 61
47 62
47 63
47 64
47 65
47 66
47 67
47 68
47 71
47 75
47 80
47 81
47 82
47 83
47 85
47 87
47 89
47 92
47 94
47 97
47 99
47 101
47 102
47 103
47 105
47 106
47 107
47 109
47 110
47 111
47 112
47 113
47 114
47 116
47 117
47 119
47 121
47 122
47 124
47 125
47 126
47 127
47 129
47 130
47 131
47 133
47 134
47 136
47 137
47 139
47 141
47 144
47 146
47 147
47 148
47 149
47 151
47 153
47 154
47 156
47 157
48 49
48 50
48 51
48 52
48 53
48 54
48 55
48 56
48 57
48 58
48 61
48 62
48 64
48 65
48 68
48 69
48 70
48 71
48 72
48 74
48 75
48 77
48 81
48 83
48 84
48 86
48 87
48 88
48 90
48 91
48 92
48 93
48 95
48 96
48 97
48 99
48 100
48 103
48 106
48 109
48 110
48 111
48 112
48 113
48 114
48 115
48 116
48 117
48 119
48 120
48 121
48 122
48 123
48 124
48 125
48 127
48 128
48 129
48 130
48 131
48 132
48 133
48 134
48 135
48 136
48 137
48 138
48 139
48 140
48 141
48 142
48 144
48 145
48 146
48 149
48 151
48 152
48 153
48 155
48 156
48 157
49 50
49 51
49 54
49 56
49 58
49 59
49 60
49 61
49 64
49 65
49 66
49 70
49 71
49 72
49 76
49 78
49 80
49 84
49 86
49 87
49 88
49 89
49 90
49 91
49 92
49 93
49 95
49 96
49 97
49 98
49 100
49 102
49 103
49 104
49 106
49 107
49 108
49 109
49 110
49 111
49 112
49 113
49 115
49 116
49 118
49 119
49 120
49 123
49 124
49 125
49 127
49 129
49 131
49 132
49 133
49 135
49 139
49 140
49 141
49 142
49 143
49 144
49 149
49 151
49 152
49 153
49 154
49 155
49 156
49 157
50 51
50 52
50 53
50 54
50 55
50 56
50 57
50 58
50 59
50 61
50 66
50 67
50 69
50 72
50 76
50 77
50 78
50 80
50 84
50 85
50 87
50 88
50 90
50 91
50 92
50 93
50 94
50 95
50 96
50 98
50 100
50 101
50 102
50 103
50 104
50 105
50 106
50 107
50 108
50 110
50 111
50 113
50 114
50 116
50 117
50 119
50 123
50 124
50 125
50 126
50 127
50 129
50 130
50 131
50 132
50 134
50 137
50 138
50 139
50 140
50 141
50 143
50 144
50 146
50 147
50 148
50 149
50 150
50 151
50 152
50 153
50 154
50 155
50 156
50 157
51 53
51 54
51 55
51 56
51 57
51 59
51 60
51 61
51 62
51 63
51 64
51 66
51 67
51 68
51 69
51 70
51 73
51 74
51 76
51 77
51 78
51 82
51 83
51 84
51 85
51 86
51 89
51 90
51 91
51 95
51 97
51 98
51 100
51 101
51 102
51 104
51 105
51 106
51 108
51 109
51 110
51 112
51 114
51 115
51 121
51 122
51 123
51 125
51 129
51 131
51 133
51 134
51 136
51 137
51 138
51 140
51 142
51 143
51 144
51 145
51 147
51 148
51 150
51 151
51 155
52 53
52 54
52 57
52 58
52 60
52 61
52 63
52 64
52 65
52 67
52 70
52 71
52 73
52 74
52 77
52 78
52 81
52 83
52 84
52 85
52 88
52 89
52 91
52 95
52 96
52 97
52 100
52 101
52 102
52 104
52 107
52 108
52 109
52 110
52 111
52 112
52 113
52 115
52 116
52 117
52 119
52 121
52 122
52 123
52 124
52 125
52 126
52 127
52 130
52 131
52 132
52 133
52 134
52 135
52 137
52 139
52 140
52 141
52 142
52 143
52 144
52 145
52 146
52 150
52 151
53 54
53 55
53 56
53 57
53 58
53 59
53 61
53 63
53 66
53 68
53 69
53 70
53 72
53 73
53 74
53 75
53 76
53 77
53 78
53 79
53 80
53 81
53 82
53 83
53 84
53 85
53 87
53 88
53 89
53 90
53 91
53 92
53 93
53 94
53 95
53 96
53 97
53 98
53 99
53 100
53 102
53 103
53 104
53 105
53 106
53 107
53 108
53 109
53 110
53 112
53 113
53 114
53 116
53 117
53 118
53 119
53 120
53 121
53 122
53 123
53 124
53 125
53 126
53 127
53 128
53 129
53 131
53 132
53 134
53 135
53 140
53 142
53 143
53 145
53 149
53 150
53 153
53 154
53 155
53 157
54 55
54 57
54 59
54 60
54 62
54 64
54 68
54 69
54 70
54 71
54 74
54 75
54 76
54 77
54 79
54 80
54 81
54 83
54 87
54 88
54 89
54 90
54 91
54 92
54 93
54 94
54 95
54 98
54 99
54 100
54 102
54 103
54 104
54 105
54 107
54 109
54 112
54 113
54 114
54 116
54 119
54 120
54 121
54 122
54 123
54 124
54 125
54 126
54 127
54 128
54 129
54 131
54 132
54 133
54 134
54 136
54 140
54 142
54 144
54 146
54 147
54 148
54 149
54 150
54 152
54 153
54 154
54 156
54 157
55 56
55 59
55 60
55 61
55 62
55 63
55 66
55 67
55 68
55 69
55 70
55 71
55 72
55 73
55 74
55 76
55 78
55 81
55 82
55 83
55 84
55 86
55 88
55 89
55 91
55 92
55 96
55 97
55 98
55 99
55 100
55 101
55 103
55 104
55 105
55 106
55 108
55 109
55 110
55 111
55 112
55 113
55 114
55 116
55 117
55 118
55 119
55 123
55 124
55 125
55 126
55 127
55 129
55 130
55 131
55 132
55 133
55 135
55 136
55 138
55 139
55 140
55 141
55 142
55 144
55 145
55 146
55 148
55 149
55 150
55 151
55 152
55 153
55 154
56 59
56 60
56 61
56 62
56 63
56 64
56 65
56 66
56 67
56 69
56 70
56 71
56 72
56 73
56 75
56 77
56 80
56 81
56 82
56 83
56 84
56 85
56 86
56 87
56 90
56 91
56 92
56 93
56 94
56 95
56 96
56 98
56 99
56 100
56 101
56 102
56 103
56 106
56 107
56 108
56 109
56 111
56 112
56 114
56 118
56 122
56 123
56 125
56 126
56 127
56 128
56 129
56 130
56 133
56 134
56 135
56 137
56 138
56 139
56 140
56 142
56 144
56 145
56 146
56 147
56 148
56 149
56 151
56 153
56 155
56 156
56 157
57 58
57 59
57 60
57 62
57 63
57 64
57 65
57 68
57 69
57 70
57 72
57 73
57 74
57 77
57 78
57 80
57 81
57 82
57 83
57 84
57 85
57 86
57 87
57 88
57 89
57 90
57 91
57 92
57 93
57 94
57 95
57 96
57 98
57 102
57 103
57 104
57 105
57 106
57 107
57 108
57 109
57 111
57 112
57 113
57 114
57 116
57 118
57 119
57 120
57 121
57 122
57 123
57 124
57 125
57 126
57 128
57 129
57 130
57 131
57 132
57 133
57 135
57 136
57 137
57 138
57 139
57 140
57 141
57 143
57 145
57 146
57 147
57 148
57 149
57 150
57 153
57 155
57 156
57 157
58 59
58 61
58 63
58 64
58 67
58 68
58 71
58 73
58 75
58 76
58 78
58 79
58 81
58 82
58 83
58 86
58 87
58 89
58 91
58 92
58 97
58 98
58 99
58 100
58 101
58 103
58 104
58 107
58 108
58 109
58 111
58 116
58 117
58 118
58 119
58 120
58 122
58 123
58 126
58 127
58 128
58 130
58 132
58 133
58 134
58 135
58 137
58 138
58 139
58 140
58 141
58 142
58 144
58 145
58 146
58 148
58 149
58 151
58 152
58 153
58 157
59 60
59 61
59 62
59 63
59 64
59 65
59 68
59 69
59 70
59 71
59 72
59 73
59 75
59 77
59 78
59 79
59 80
59 81
59 86
59 87
59 89
59 90
59 91
59 92
59 93
59 94
59 95
59 96
59 97
59 98
59 100
59 101
59 103
59 104
59 106
59 107
59 108
59 109
59 110
59 111
59 112
59 115
59 116
59 117
59 121
59 122
59 125
59 126
59 128
59 129
59 130
59 131
59 132
59 134
59 135
59 136
59 137
59 138
59 140
59 141
59 142
59 145
59 147
59 148
59 149
59 150
59 151
59 155
59 156
59 157
60 62
60 63
60 64
60 67
60 71
60 73
60 74
60 76
60 77
60 78
60 79
60 80
60 83
60 84
60 85
60 87
60 88
60 91
60 92
60 93
60 94
60 97
60 99
60 100
60 102
60 104
60 105
60 106
60 108
60 111
60 112
60 113
60 114
60 115
60 116
60 117
60 118
60 119
60 120
60 121
60 122
60 123
60 124
60 125
60 126
60 127
60 129
60 132
60 134
60 135
60 136
60 139
60 142
60 143
60 145
60 146
60 147
60 150
60 152
60 153
60 154
60 155
60 156
60 157
61 62
61 64
61 65
61 66
61 67
61 68
61 71
61 72
61 73
61 74
61 76
61 77
61 80
61 81
61 82
61 85
61 86
61 89
61 90
61 93
61 94
61 95
61 96
61 98
61 99
61 100
61 101
61 102
61 103
61 104
61 108
61 110
61 116
61 117
61 118
61 119
61 120
61 121
61 122
61 124
61 125
61 126
61 128
61 130
61 131
61 132
61 133
61 134
61 135
61 136
61 137
61 138
61 139
61 140
61 141
61 142
61 143
61 146
61 147
61 148
61 149
61 150
61 152
61 153
61 155
62 63
62 66
62 67
62 68
62 69
62 70
62 72
62 76
62 77
62 78
62 79
62 80
62 81
62 82
62 83
62 84
62 86
62 87
62 89
62 90
62 91
62 93
62 96
62 99
62 102
62 103
62 104
62 107
62 108
62 109
62 111
62 113
62 114
62 116
62 118
62 121
62 125
62 129
62 130
62 131
62 132
62 134
62 135
62 136
62 137
62 138
62 142
62 144
62 146
62 147
62 148
62 149
62 151
62 152
62 154
62 155
62 156
62 157
63 65
63 66
63 67
63 68
63 69
63 70
63 71
63 72
63 73
63 74
63 75
63 77
63 79
63 80
63 81
63 82
63 83
63 85
63 86
63 87
63 88
63 92
63 93
63 95
63 96
63 97
63 98
63 102
63 103
63 104
63 105
63 107
63 108
63 110
63 112
63 113
63 116
63 117
63 118
63 120
63 121
63 122
63 123
63 124
63 125
63 126
63 127
63 129
63 131
63 133
63 134
63 135
63 137
63 138
63 140
63 141
63 142
63 143
63 144
63 148
63 149
63 150
63 151
63 152
63 153
63 155
63 156
64 66
64 67
64 70
64 72
64 74
64 75
64 76
64 77
64 79
64 80
64 81
64 84
64 86
64 87
64 89
64 90
64 91
64 92
64 93
64 94
64 95
64 96
64 97
64 98
64 99
64 101
64 104
64 106
64 107
64 108
64 109
64 110
64 111
64 112
64 113
64 115
64 116
64 117
64 118
64 120
64 121
64 122
64 123
64 124
64 127
64 130
64 131
64 133
64 134
64 135
64 136
64 137
64 138
64 140
64 141
64 142
64 143
64 144
64 145
64 146
64 148
64 150
64 151
64 152
64 153
64 154
64 156
64 157
65 66
65 67
65 68
65 69
65 71
65 72
65 73
65 74
65 75
65 76
65 78
65 79
65 80
65 81
65 83
65 84
65 86
65 87
65 90
65 91
65 92
65 96
65 98
65 99
65 100
65 101
65 102
65 103
65 104
65 105
65 106
65 107
65 108
65 109
65 110
65 111
65 112
65 113
65 114
65 115
65 116
65 118
65 119
65 121
65 123
65 124
65 125
65 127
65 129
65 130
65 131
65 132
65 134
65 135
65 136
65 138
65 139
65 140
65 141
65 142
65 143
65 146
65 147
65 149
65 150
65 151
65 152
65 154
65 155
65 157
66 67
66 68
66 69
66 72
66 73
66 74
66 75
66 76
66 77
66 78
66 79
66 81
66 84
66 85
66 86
66 87
66 89
66 90
66 91
66 92
66 93
66 95
66 96
66 98
66 99
66 105
66 106
66 107
66 108
66 109
66 110
66 111
66 112
66 114
66 115
66 117
66 118
66 119
66 121
66 123
66 124
66 125
66 126
66 127
66 128
66 130
66 131
66 132
66 133
66 134
66 135
66 136
66 137
66 138
66 143
66 144
66 146
66 147
66 148
66 150
66 151
66 152
66 153
66 154
66 155
66 156
66 157
67 70
67 72
67 73
67 74
67 76
67 77
67 79
67 80
67 81
67 82
67 84
67 85
67 87
67 88
67 89
67 91
67 92
67 93
67 94
67 95
67 96
67 97
67 99
67 101
67 103
67 104
67 105
67 106
67 107
67 108
67 109
67 110
67 111
67 114
67 115
67 116
67 118
67 119
67 120
67 122
67 123
67 126
67 127
67 128
67 131
67 132
67 134
67 135
67 136
67 137
67 138
67 140
67 141
67 142
67 143
67 144
67 145
67 147
67 149
67 151
67 152
67 155
67 156
67 157
68 71
68 72
68 73
68 74
68 76
68 78
68 79
68 80
68 81
68 83
68 84
68 86
68 87
68 88
68 89
68 90
68 91
68 92
68 93
68 94
68 95
68 97
68 98
68 99
68 100
68 101
68 102
68 103
68 104
68 106
68 107
68 108
68 111
68 114
68 115
68 116
68 117
68 119
68 120
68 121
68 122
68 123
68 124
68 125
68 126
68 128
68 133
68 134
68 135
68 136
68 141
68 143
68 144
68 145
68 146
68 147
68 150
68 151
68 152
68 154
68 155
68 156
69 70
69 71
69 72
69 74
69 75
69 77
69 78
69 79
69 81
69 82
69 83
69 84
69 85
69 86
69 87
69 89
69 92
69 93
69 94
69 96
69 98
69 99
69 101
69 102
69 105
69 108
69 109
69 110
69 111
69 112
69 113
69 114
69 117
69 118
69 119
69 121
69 122
69 125
69 126
69 128
69 129
69 130
69 131
69 132
69 133
69 134
69 135
69 137
69 140
69 141
69 142
69 143
69 144
69 146
69 147
69 150
69 151
69 152
69 153
69 154
69 155
69 156
69 157
70 71
70 72
70 74
70 76
70 77
70 78
70 79
70 83
70 84
70 85
70 86
70 87
70 88
70 90
70 91
70 92
70 94
70 95
70 96
70 97
70 98
70 99
70 100
70 102
70 103
70 104
70 105
70 108
70 109
70 110
70 112
70 113
70 115
70 116
70 119
70 122
70 124
70 126
70 128
70 131
70 132
70 133
70 134
70 135
70 136
70 137
70 139
70 140
70 142
70 144
70 145
70 146
70 147
70 150
70 151
70 152
70 153
70 155
70 156
70 157
71 72
71 76
71 79
71 81
71 82
71 84
71 85
71 87
71 88
71 89
71 90
71 91
71 92
71 94
71 96
71 97
71 99
71 102
71 103
71 104
71 106
71 107
71 109
71 110
71 111
71 112
71 114
71 115
71 116
71 118
71 119
71 120
71 121
71 122
71 126
71 128
71 129
71 130
71 131
71 132
71 136
71 137
71 138
71 141
71 144
71 147
71 148
71 149
71 150
71 151
71 153
71 156
71 157
72 73
72 75
72 76
72 77
72 78
72 81
72 82
72 84
72 85
72 86
72 88
72 90
72 91
72 94
72 95
72 101
72 103
72 105
72 111
72 113
72 114
72 116
72 118
72 121
72 123
72 125
72 126
72 127
72 129
72 130
72 131
72 132
72 133
72 135
72 138
72 139
72 140
72 141
72 142
72 143
72 144
72 145
72 147
72 150
72 151
72 152
72 154
72 156
72 157
73 74
73 76
73 77
73 78
73 80
73 81
73 82
73 83
73 84
73 85
73 86
73 88
73 91
73 92
73 93
73 94
73 95
73 97
73 98
73 99
73 100
73 105
73 107
73 109
73 111
73 112
73 115
73 117
73 118
73 119
73 120
73 121
73 123
73 125
73 126
73 127
73 129
73 130
73 132
73 133
73 134
73 136
73 137
73 138
73 139
73 141
73 143
73 146
73 147
73 148
73 149
73 150
73 151
73 152
73 154
73 155
73 156
74 75
74 76
74 77
74 81
74 82
74 83
74 85
74 86
74 87
74 89
74 90
74 93
74 95
74 96
74 98
74 99
74 100
74 101
74 102
74 103
74 105
74 106
74 107
74 108
74 109
74 112
74 113
74 114
74 116
74 117
74 118
74 119
74 120
74 122
74 124
74 125
74 126
74 128
74 130
74 131
74 133
74 134
74 135
74 137
74 139
74 140
74 141
74 145
74 146
74 148
74 149
74 151
74 154
74 157
75 76
75 77
75 78
75 79
75 80
75 83
75 86
75 88
75 89
75 90
75 91
75 92
75 93
75 94
75 95
75 96
75 97
75 98
75 100
75 102
75 104
75 106
75 110
75 111
75 112
75 113
75 116
75 118
75 119
75 120
75 121
75 122
75 125
75 126
75 127
75 128
75 129
75 130
75 131
75 132
75 134
75 135
75 136
75 139
75 142
75 143
75 144
75 145
75 147
75 149
75 150
75 151
75 152
75 153
75 154
75 156
76 77
76 78
76 79
76 80
76 81
76 82
76 83
76 86
76 87
76 88
76 89
76 91
76 96
76 97
76 98
76 100
76 103
76 104
76 106
76 108
76 109
76 110
76 113
76 114
76 115
76 116
76 118
76 120
76 121
76 123
76 124
76 125
76 127
76 129
76 130
76 131
76 132
76 133
76 135
76 136
76 137
76 139
76 141
76 142
76 144
76 146
76 148
76 149
76 152
76 153
76 154
76 155
77 78
77 81
77 83
77 84
77 85
77 90
77 92
77 94
77 95
77 96
77 97
77 98
77 100
77 102
77 104
77 106
77 107
77 108
77 111
77 114
77 115
77 116
77 117
77 118
77 119
77 120
77 122
77 123
77 124
77 125
77 126
77 127
77 128
77 129
77 131
77 132
77 136
77 138
77 139
77 141
77 142
77 145
77 148
77 149
77 151
77 154
77 155
77 157
78 79
78 80
78 81
78 84
78 85
78 86
78 87
78 88
78 89
78 91
78 92
78 93
78 94
78 96
78 98
78 99
78 104
78 105
78 106
78 107
78 109
78 110
78 111
78 112
78 113
78 115
78 116
78 117
78 118
78 119
78 120
78 121
78 122
78 123
78 125
78 126
78 129
78 131
78 132
78 135
78 138
78 139
78 140
78 141
78 143
78 144
78 146
78 148
78 151
78 152
78 153
78 156
78 157
79 80
79 81
79 85
79 87
79 88
79 92
79 94
79 95
79 97
79 98
79 99
79 102
79 104
79 107
79 108
79 109
79 111
79 112
79 113
79 116
79 117
79 118
79 119
79 121
79 123
79 124
79 126
79 131
79 132
79 133
79 134
79 135
79 136
79 139
79 140
79 141
79 142
79 143
79 146
79 147
79 148
79 149
79 150
79 151
79 152
79 153
79 154
79 155
79 156
79 157
80 82
80 83
80 84
80 85
80 86
80 87
80 88
80 89
80 91
80 92
80 93
80 95
80 97
80 98
80 99
80 100
80 101
80 103
80 107
80 108
80 109
80 110
80 112
80 113
80 114
80 115
80 116
80 117
80 118
80 119
80 120
80 121
80 122
80 123
80 124
80 126
80 127
80 128
80 131
80 132
80 133
80 134
80 136
80 137
80 138
80 139
80 140
80 141
80 144
80 145
80 147
80 148
80 149
80 151
80 152
80 154
80 155
80 156
80 157
81 83
81 84
81 85
81 86
81 88
81 90
81 91
81 93
81 94
81 95
81 96
81 97
81 98
81 99
81 102
81 103
81 104
81 105
81 107
81 108
81 111
81 112
81 113
81 114
81 115
81 116
81 117
81 118
81 121
81 123
81 125
81 126
81 127
81 128
81 129
81 130
81 132
81 133
81 136
81 137
81 138
81 139
81 141
81 143
81 144
81 145
81 147
81 148
81 149
81 151
81 152
81 153
81 155
81 156
81 157
82 83
82 84
82 85
82 86
82 87
82 88
82 89
82 90
82 92
82 94
82 96
82 97
82 98
82 99
82 101
82 104
82 106
82 108
82 109
82 111
82 112
82 115
82 116
82 118
82 120
82 121
82 123
82 124
82 127
82 128
82 129
82 130
82 132
82 134
82 135
82 136
82 137
82 138
82 140
82 141
82 142
82 143
82 146
82 148
82 149
82 150
82 151
82 152
82 153
82 154
82 157
83 84
83 85
83 86
83 87
83 89
83 92
83 93
83 95
83 99
83 100
83 102
83 103
83 104
83 105
83 106
83 110
83 111
83 112
83 113
83 115
83 116
83 117
83 118
83 120
83 122
83 123
83 125
83 126
83 127
83 128
83 129
83 131
83 132
83 133
83 134
83 135
83 136
83 137
83 138
83 139
83 140
83 141
83 142
83 143
83 148
83 150
83 151
83 152
83 153
83 155
83 157
84 85
84 87
84 90
84 92
84 94
84 95
84 97
84 98
84 99
84 101
84 103
84 104
84 106
84 107
84 108
84 109
84 110
84 111
84 113
84 114
84 115
84 116
84 118
84 120
84 121
84 122
84 123
84 124
84 125
84 126
84 127
84 131
84 132
84 134
84 135
84 136
84 137
84 138
84 140
84 141
84 142
84 144
84 145
84 150
84 151
84 152
84 154
84 155
84 156
84 157
85 86
85 88
85 90
85 91
85 94
85 98
85 101
85 102
85 103
85 104
85 105
85 106
85 108
85 109
85 110
85 112
85 115
85 116
85 117
85 119
85 120
85 121
85 122
85 123
85 124
85 125
85 126
85 127
85 128
85 129
85 131
85 132
85 133
85 135
85 137
85 139
85 140
85 141
85 142
85 145
85 146
85 147
85 148
85 149
85 150
85 152
85 153
85 154
85 155
85 156
86 87
86 89
86 91
86 92
86 93
86 95
86 97
86 100
86 101
86 102
86 104
86 105
86 106
86 108
86 109
86 110
86 112
86 113
86 115
86 116
86 118
86 119
86 124
86 125
86 128
86 129
86 130
86 131
86 133
86 134
86 135
86 137
86 138
86 139
86 140
86 141
86 142
86 143
86 144
86 145
86 146
86 148
86 149
86 150
86 151
86 154
86 155
86 156
86 157
87 88
87 89
87 91
87 93
87 95
87 96
87 97
87 98
87 99
87 101
87 103
87 106
87 107
87 108
87 109
87 111
87 112
87 114
87 116
87 117
87 119
87 120
87 121
87 122
87 123
87 124
87 126
87 127
87 128
87 129
87 130
87 131
87 133
87 134
87 135
87 136
87 140
87 141
87 142
87 144
87 145
87 146
87 149
87 151
87 156
88 89
88 90
88 91
88 93
88 95
88 96
88 99
88 100
88 101
88 102
88 103
88 105
88 106
88 108
88 112
88 113
88 114
88 115
88 117
88 118
88 121
88 122
88 123
88 124
88 125
88 126
88 128
88 129
88 131
88 132
88 133
88 134
88 135
88 136
88 138
88 139
88 140
88 141
88 142
88 143
88 144
88 145
88 146
88 147
88 150
88 151
88 156
88 157
89 91
89 92
89 93
89 96
89 98
89 99
89 100
89 101
89 103
89 104
89 106
89 108
89 110
89 111
89 112
89 114
89 115
89 117
89 118
89 120
89 121
89 122
89 123
89 124
89 126
89 127
89 128
89 129
89 130
89 132
89 133
89 134
89 135
89 136
89 138
89 141
89 142
89 143
89 144
89 145
89 146
89 147
89 148
89 149
89 150
89 153
89 154
89 155
89 156
90 91
90 92
90 93
90 94
90 95
90 96
90 98
90 99
90 100
90 101
90 102
90 103
90 104
90 105
90 106
90 107
90 110
90 111
90 112
90 113
90 114
90 116
90 117
90 118
90 119
90 120
90 121
90 122
90 123
90 124
90 126
90 129
90 130
90 131
90 132
90 135
90 136
90 137
90 138
90 139
90 140
90 141
90 142
90 143
90 145
90 146
90 148
90 149
90 151
90 153
90 154
90 155
90 156
90 157
91 92
91 96
91 97
91 98
91 99
91 100
91 101
91 106
91 107
91 108
91 109
91 110
91 112
91 113
91 114
91 116
91 117
91 118
91 119
91 124
91 126
91 127
91 128
91 130
91 131
91 132
91 136
91 137
91 138
91 139
91 140
91 143
91 145
91 146
91 147
91 149
91 150
91 151
91 152
91 153
91 154
91 155
91 157
92 93
92 94
92 95
92 97
92 98
92 100
92 102
92 103
92 106
92 107
92 108
92 111
92 112
92 114
92 115
92 117
92 118
92 121
92 122
92 124
92 125
92 126
92 127
92 129
92 130
92 132
92 133
92 134
92 135
92 136
92 137
92 138
92 139
92 140
92 142
92 143
92 144
92 147
92 150
92 151
92 152
92 154
92 155
92 156
92 157
93 94
93 96
93 97
93 98
93 103
93 105
93 107
93 108
93 109
93 110
93 111
93 115
93 117
93 118
93 120
93 121
93 122
93 123
93 124
93 125
93 126
93 128
93 129
93 130
93 132
93 133
93 134
93 135
93 136
93 137
93 138
93 139
93 140
93 143
93 144
93 145
93 148
93 149
93 150
93 151
93 153
93 154
93 155
93 156
94 95
94 96
94 99
94 100
94 101
94 102
94 104
94 109
94 110
94 112
94 114
94 119
94 120
94 122
94 124
94 125
94 128
94 131
94 132
94 133
94 135
94 136
94 137
94 138
94 140
94 141
94 143
94 144
94 145
94 146
94 147
94 149
94 151
94 152
94 153
94 155
94 156
94 157
95 96
95 97
95 100
95 101
95 103
95 106
95 108
95 110
95 111
95 114
95 115
95 116
95 118
95 119
95 120
95 121
95 123
95 126
95 127
95 129
95 133
95 137
95 139
95 141
95 143
95 144
95 146
95 147
95 148
95 149
95 150
95 151
95 152
95 153
95 154
95 155
95 156
95 157
96 97
96 98
96 99
96 100
96 101
96 103
96 104
96 105
96 106
96 107
96 110
96 112
96 113
96 114
96 116
96 119
96 120
96 121
96 122
96 123
96 124
96 125
96 126
96 127
96 129
96 130
96 131
96 134
96 135
96 136
96 137
96 138
96 139
96 140
96 141
96 144
96 145
96 147
96 148
96 149
96 150
96 152
96 153
96 154
96 156
96 157
97 98
97 99
97 102
97 103
97 104
97 107
97 108
97 110
97 112
97 113
97 114
97 115
97 116
97 117
97 118
97 119
97 120
97 122
97 124
97 125
97 127
97 128
97 131
97 133
97 135
97 136
97 139
97 140
97 141
97 143
97 144
97 145
97 147
97 150
97 151
97 152
97 153
97 155
97 156
97 157
98 99
98 103
98 104
98 105
98 106
98 107
98 108
98 109
98 110
98 111
98 112
98 113
98 114
98 115
98 116
98 118
98 119
98 120
98 121
98 122
98 123
98 124
98 128
98 130
98 132
98 133
98 134
98 135
98 136
98 137
98 139
98 140
98 141
98 142
98 143
98 144
98 145
98 147
98 149
98 151
98 152
99 100
99 101
99 102
99 104
99 105
99 106
99 107
99 108
99 109
99 110
99 111
99 112
99 113
99 114
99 115
99 116
99 117
99 118
99 119
99 122
99 125
99 126
99 127
99 128
99 129
99 130
99 132
99 133
99 134
99 135
99 137
99 138
99 139
99 140
99 141
99 142
99 144
99 145
99 148
99 149
99 152
99 153
99 154
99 155
100 101
100 102
100 103
100 105
100 106
100 107
100 109
100 110
100 111
100 113
100 114
100 115
100 116
100 117
100 118
100 119
100 120
100 121
100 122
100 123
100 124
100 126
100 127
100 128
100 129
100 131
100 133
100 135
100 138
100 140
100 142
100 143
100 144
100 145
100 146
100 147
100 150
100 151
100 152
100 153
100 154
100 155
100 157
101 102
101 103
101 104
101 105
101 107
101 108
101 109
101 110
101 114
101 116
101 117
101 118
101 119
101 121
101 124
101 126
101 127
101 130
101 131
101 133
101 134
101 135
101 137
101 138
101 141
101 142
101 143
101 144
101 145
101 146
101 147
101 148
101 149
101 150
101 153
101 154
101 155
101 156
101 157
102 103
102 104
102 105
102 111
102 113
102 114
102 116
102 117
102 118
102 119
102 120
102 121
102 122
102 124
102 127
102 128
102 130
102 131
102 132
102 134
102 135
102 136
102 139
102 140
102 141
102 142
102 145
102 151
102 152
102 153
102 155
102 156
102 157
103 104
103 106
103 109
103 110
103 112
103 113
103 114
103 115
103 116
103 118
103 119
103 120
103 123
103 127
103 129
103 130
103 131
103 132
103 133
103 135
103 137
103 138
103 139
103 140
103 141
103 143
103 144
103 146
103 147
103 151
103 152
103 153
103 157
104 105
104 106
104 108
104 109
104 110
104 111
104 112
104 113
104 115
104 116
104 117
104 118
104 119
104 120
104 122
104 123
104 125
104 126
104 127
104 129
104 131
104 132
104 133
104 134
104 135
104 136
104 137
104 140
104 141
104 142
104 143
104 144
104 146
104 147
104 149
104 150
104 152
104 153
104 154
104 155
104 156
104 157
105 107
105 108
105 109
105 110
105 112
105 114
105 115
105 116
105 120
105 121
105 123
105 124
105 125
105 127
105 128
105 129
105 130
105 131
105 132
105 134
105 136
105 137
105 140
105 141
105 142
105 144
105 145
105 146
105 148
105 149
105 151
105 153
106 107
106 109
106 112
106 114
106 116
106 117
106 121
106 122
106 123
106 125
106 126
106 128
106 129
106 131
106 132
106 133
106 134
106 138
106 139
106 140
106 141
106 142
106 143
106 145
106 146
106 147
106 148
106 149
106 150
106 151
106 153
106 155
106 156
106 157
107 109
107 110
107 114
107 116
107 118
107 119
107 120
107 121
107 123
107 126
107 127
107 129
107 131
107 132
107 133
107 135
107 136
107 137
107 139
107 141
107 144
107 145
107 146
107 147
107 148
107 150
107 151
107 152
107 154
107 155
107 156
107 157
108 109
108 113
108 114
108 115
108 117
108 119
108 120
108 121
108 122
108 123
108 124
108 127
108 129
108 130
108 131
108 134
108 136
108 138
108 140
108 141
108 142
108 144
108 145
108 146
108 147
108 148
108 149
108 150
108 151
108 153
108 154
108 156
109 110
109 112
109 113
109 114
109 115
109 116
109 117
109 118
109 119
109 120
109 121
109 122
109 123
109 124
109 125
109 128
109 129
109 130
109 131
109 132
109 135
109 136
109 138
109 140
109 141
109 142
109 143
109 145
109 147
109 148
109 149
109 150
109 151
109 152
109 153
109 154
109 155
109 156
109 157
110 112
110 114
110 117
110 118
110 119
110 120
110 122
110 123
110 125
110 127
110 128
110 129
110 130
110 131
110 132
110 134
110 135
110 136
110 140
110 141
110 142
110 143
110 145
110 146
110 147
110 148
110 151
110 152
110 153
110 155
110 156
110 157
111 113
111 114
111 115
111 116
111 117
111 119
111 122
111 123
111 124
111 125
111 126
111 128
111 130
111 131
111 132
111 133
111 134
111 135
111 136
111 137
111 141
111 142
111 143
111 145
111 147
111 148
111 149
111 150
111 152
111 153
111 156
111 157
112 113
112 114
112 115
112 116
112 117
112 118
112 119
112 120
112 121
112 126
112 127
112 129
112 130
112 132
112 133
112 134
112 135
112 136
112 137
112 139
112 140
112 141
112 143
112 144
112 145
112 148
112 150
112 151
112 153
112 155
112 156
112 157
113 114
113 115
113 116
113 118
113 119
113 120
113 121
113 122
113 123
113 124
113 125
113 126
113 127
113 130
113 133
113 136
113 137
113 139
113 141
113 142
113 144
113 145
113 146
113 148
113 149
113 150
113 151
113 155
113 156
113 157
114 115
114 116
114 118
114 119
114 120
114 121
114 122
114 123
114 124
114 125
114 129
114 130
114 135
114 136
114 137
114 138
114 139
114 144
114 146
114 147
114 151
114 155
114 156
114 157
115 116
115 117
115 118
115 119
115 123
115 124
115 125
115 126
115 127
115 128
115 129
115 130
115 131
115 133
115 134
115 136
115 137
115 138
115 139
115 140
115 142
115 143
115 144
115 145
115 146
115 147
115 148
115 149
115 150
115 151
115 152
115 153
115 154
115 155
115 156
115 157
116 117
116 118
116 120
116 121
116 122
116 123
116 124
116 125
116 129
116 130
116 131
116 132
116 133
116 134
116 136
116 137
116 138
116 139
116 142
116 143
116 144
116 145
116 147
116 148
116 149
116 150
116 151
116 152
116 153
116 155
116 156
116 157
117 121
117 122
117 123
117 127
117 128
117 129
117 130
117 131
117 132
117 133
117 136
117 137
117 138
117 139
117 141
117 142
117 143
117 144
117 145
117 146
117 147
117 148
117 151
117 152
117 153
117 155
117 157
118 120
118 121
118 123
118 124
118 128
118 129
118 131
118 134
118 136
118 137
118 138
118 139
118 140
118 141
118 142
118 143
118 145
118 146
118 147
118 148
118 152
118 153
118 154
118 155
118 156
119 120
119 121
119 122
119 124
119 125
119 127
119 128
119 129
119 131
119 133
119 137
119 138
119 139
119 142
119 144
119 146
119 147
119 148
119 149
119 151
119 152
119 155
119 157
120 123
120 126
120 127
120 128
120 130
120 131
120 132
120 133
120 135
120 136
120 137
120 138
120 139
120 140
120 142
120 143
120 145
120 146
120 147
120 148
120 149
120 150
120 151
120 153
120 155
120 156
120 157
121 122
121 123
121 124
121 125
121 126
121 127
121 128
121 129
121 130
121 131
121 132
121 135
121 136
121 137
121 139
121 140
121 141
121 143
121 144
121 145
121 147
121 148
121 150
121 151
121 152
121 154
121 155
121 156
121 157
122 123
122 124
122 125
122 126
122 129
122 130
122 131
122 133
122 134
122 135
122 136
122 139
122 140
122 141
122 142
122 143
122 144
122 145
122 147
122 151
122 153
122 154
122 155
122 156
123 124
123 125
123 126
123 128
123 131
123 132
123 137
123 138
123 139
123 140
123 143
123 144
123 145
123 147
123 149
123 150
123 151
123 152
123 153
123 154
123 155
123 156
123 157
124 125
124 126
124 128
124 129
124 130
124 133
124 134
124 135
124 136
124 138
124 139
124 140
124 142
124 145
124 147
124 149
124 150
124 151
124 152
124 156
125 126
125 128
125 131
125 132
125 133
125 135
125 136
125 137
125 139
125 140
125 141
125 142
125 143
125 144
125 146
125 148
125 149
125 150
125 151
125 152
125 153
125 154
125 155
125 156
126 127
126 128
126 131
126 133
126 134
126 135
126 136
126 138
126 140
126 143
126 144
126 145
126 146
126 148
126 149
126 150
126 151
126 152
126 153
126 154
126 155
126 157
127 128
127 130
127 131
127 133
127 134
127 135
127 136
127 141
127 145
127 146
127 147
127 148
127 149
127 151
127 152
127 154
127 155
127 156
127 157
128 129
128 130
128 131
128 134
128 135
128 137
128 139
128 140
128 142
128 143
128 144
128 145
128 146
128 147
128 149
128 150
128 151
128 152
128 155
128 156
128 157
129 130
129 131
129 132
129 133
129 134
129 136
129 137
129 138
129 139
129 140
129 141
129 142
129 143
129 144
129 145
129 148
129 149
129 150
129 151
129 152
129 153
129 154
129 156
130 131
130 132
130 133
130 135
130 137
130 138
130 139
130 140
130 142
130 143
130 144
130 146
130 148
130 150
130 151
130 154
130 155
130 156
130 157
131 132
131 134
131 135
131 136
131 137
131 138
131 139
131 140
131 141
131 142
131 143
131 144
131 147
131 148
131 153
131 154
131 155
131 156
131 157
132 133
132 134
132 135
132 137
132 138
132 140
132 141
132 142
132 143
132 144
132 146
132 147
132 148
132 149
132 151
132 153
132 154
132 155
132 156
132 157
133 135
133 136
133 137
133 139
133 140
133 141
133 142
133 143
133 144
133 145
133 147
133 150
133 152
133 153
133 154
134 135
134 136
134 138
134 139
134 140
134 143
134 144
134 145
134 146
134 147
134 152
134 154
134 156
134 157
135 136
135 137
135 138
135 139
135 140
135 141
135 144
135 146
135 150
135 151
135 152
135 153
135 154
135 155
135 156
136 137
136 139
136 140
136 142
136 144
136 145
136 146
136 148
136 150
136 151
136 152
136 154
136 155
136 157
137 138
137 139
137 140
137 143
137 146
137 147
137 148
137 149
137 150
137 152
137 153
137 154
137 156
138 139
138 141
138 142
138 143
138 145
138 148
138 149
138 150
138 151
138 152
138 153
138 154
138 156
139 141
139 142
139 144
139 145
139 146
139 147
139 148
139 150
139 153
139 154
139 157
140 141
140 142
140 145
140 147
140 148
140 150
140 152
140 153
140 154
140 155
140 156
140 157
141 142
141 143
141 144
141 145
141 147
141 148
141 149
141 150
141 151
141 152
141 154
141 155
141 157
142 144
142 146
142 148
142 150
142 151
142 153
142 156
142 157
143 144
143 145
143 146
143 149
143 152
143 154
143 155
143 157
144 145
144 147
144 148
144 149
144 151
144 153
144 154
144 156
145 146
145 147
145 149
145 151
145 152
145 153
145 156
145 157
146 148
146 150
146 151
146 153
146 154
146 156
147 148
147 150
147 153
147 155
147 156
147 157
148 154
148 155
148 156
149 150
149 152
149 154
149 155
149 156
149 157
150 151
150 152
150 153
150 154
150 155
150 157
151 152
151 154
151 155
151 156
151 157
152 153
152 155
152 156
152 157
153 155
153 157
154 156
155 156
155 157
156 157
